10474
745
550
77
141
272
155
1726
13475
767
10528
12444
58574
84892
68718
244786
9623
2064
7300
1592
954
199
9415
2118
1813
846
3050
9487
1934
2105
913
863
334
462
98
7443
2024
2655
392
2043
671
1073
10399
2277
1893
603
14
1359
8358
120
672
122
673
11036
2062
35
12445
64690
49026
49051
57158
205596
862
807
10684
8840
3179
10336
926
9428
568
454
409
18
782
37165
2657
71
134
634
808
824
10778
585
161
8346
557
9026
1430
121
640
1574
22
33339
1572
9598
597
544
857
9532
3536
453
11362
2502
9982
388
1164
1491
1579
1124
1427
1949
7485
1268
3432
298
9952
1571
2503
8363
5176
5915
4771
6977
7326
13885
7345
7461
8848
13258
8681
10681
6972
524
4584
629
9071
32562
275
627
26748
11159
10218
12498
16448
816
2649
68924
2255
489
10217
10668
16980
3033
4951
9430
10279
492
1832
7453
263115
949
532
115
2898
1878
1542
243
107
2501
12
170
153
24
8619
393
9509
747
9675
9806
4836
187
16320
1830
59
533
5236
16608
612
752
9388
1262
9693
36557
4638
1992
2252
4982
13183
14160
12162
19908
23483
61791
59440
70670
63
281
607
563
8078
73
497
8374
2787
4133
1903
36586
180
7299
1777
2048
1577
36648
8202
834
1422
6479
13812
10529
15092
17431
534
17654
19898
18570
19995
19901
31867
10193
34851
27205
27581
37799
20526
39513
38050
45612
39538
24428
60935
81796
41154
64635
49049
80215
75612
84204
49521
68726
72190
68724
152601
97020
100402
191720
127585
137113
119450
118340
198663
264660
207703
198184
99861
293660
286217
47933
188927
2046
5994
6073
2770
9603
8963
1624
11970
10603
9444
2639
10674
8916
9837
564
9473
49948
11688
853
1734
9896
608
38
5516
809
1271
2359
675
5038
14301
16869
19265
19913
12573
22538
45269
38757
44264
40805
83666
13042
37724
114150
82690
120467
85350
273248
252838
150540
206647
269149
330459
9342
37135
1911
9008
869
561
3021
12113
8338
10202
14851
13811
16258
16996
197
8068
786
8012
687
10534
13685
922
9802
14553
9327
7863
12489
9366
9434
184
9410
586
9440
1389
473
9631
2109
4518
8741
9451
11779
14283
226
8052
404
8649
9684
1715
3558
1907
4816
10559
9285
10569
8584
4247
13785
1900
414
9804
1895
65215
602
8656
95
6435
9535
11374
1844
10307
10398
14181
2067
2133
955
1576
1894
201
12180
1771
49530
70160
59967
68721
54138
93456
101299
190859
131631
294254
140607
131634
710
2320
9886
616
924
74
1562
7191
12163
76341
283995
281957
11543
1018
10428
641
17734
1429
1088
205
2270
11324
57165
68734
138843
49047
11862
2054
1645
10215
1588
1597
1493
10865
8835
9880
425
11529
423
455
1824
14442
10096
10625
11247
8488
9779
674
411
9655
350
1402
9293
9762
4523
6557
8390
12405
4922
10201
14836
18240
22794
22881
10198
10191
20352
37735
62177
82654
129139
109445
187017
177572
228326
266856
135397
8844
11017
13466
796
9032
10637
676
39939
558
401
13416
10065
9522
11931
69
9900
920
58
4643
1581
1257
11172
8271
559
755
13997
9614
11980
6950
11381
4232
686
8413
9490
11003
10663
6552
8914
10386
2668
36643
2123
10972
2294
2034
11397
11086
10590
2675
6038
615
594
395
10145
3989
9667
11804
10012
4551
11431
11683
8292
11460
451
4995
22797
1213
10691
1365
11355
7211
7985
48138
50546
23629
55787
11780
6520
9482
1642
9894
9268
10779
3595
75
9390
1701
754
36647
8195
9798
817
8843
768
12149
4147
8698
1487
7220
876
8193
70
9738
588
318846
322
9373
10744
1640
1696
9392
9792
2082
5876
7350
664
9087
2293
3573
12709
9403
9844
9454
46992
28902
14709
11622
1850
12509
62677
5279
1360
590
2771
4244
11973
12596
12524
16
14295
9741
20637
5955
9476
9705
1995
644
2114
11371
12103
167
1999
12660
4547
35080
320
12100
9208
956
10138
10195
56292
1930
76338
177677
1710
9312
11000
10987
11412
431
16550
8080
176
10027
215
10545
9273
10874
9591
9772
9489
509
11353
6415
5551
10647
5175
9398
2637
11560
4614
11635
1817
310
8961
13156
10159
1584
1807
508
587
13505
9472
8699
14462
14337
11184
55931
118
421
1495
10476
501
6957
14286
3291
25
9270
1781
326
496
1440
1272
10634
9654
6964
8834
9427
11702
9447
2112
8871
9257
11674
470
2086
10549
297
2667
7450
1933
565
398
3682
10611
1125
1646
22897
87827
8839
11472
19101
12159
866
1523
24420
44115
12665
35196
2666
2275
345
6623
76
2750
10719
80
8849
10758
4538
24238
22947
59436
40807
74643
103332
140420
122906
246741
313369
604
605
9922
10312
3981
9081
10950
652
163
13363
6023
83542
157336
244267
329865
4442
11559
8321
1535
944
33689
9737
9411
9679
6282
2085
3933
245
1946
15854
953
9502
577
11448
9716
1281
9464
1954
7551
1724
10189
12244
31011
51876
50646
37958
76726
49529
22970
76493
70981
88005
82693
106646
116745
157353
210577
220289
228150
207933
102899
271110
284052
246655
158852
297761
274870
479
9769
7095
2928
9446
2300
1630
884
11013
8051
2755
10922
1985
340
142
1165
5172
1919
4964
5723
12473
8818
9348
9100
617
4806
10388
2757
10147
1599
3512
16934
5
8067
10220
9445
24071
13531
10688
10873
9519
13223
18785
11008
87492
100042
241771
1372
137106
4108
277
52520
245891
819
11975
2157
2171
11093
12079
44214
4233
1965
9877
15655
2069
11478
4967
10560
6521
855
10592
8470
2752
11452
2022
8665
7451
9102
9303
2895
9469
37636
1677
818
10661
11665
34544
10054
504
11023
254
1259
2976
4347
6615
9870
16538
16871
55721
83564
82702
4824
9536
1639
10153
17979
4327
435
787
1635
285
13809
10764
39254
203801
11377
40001
9449
12211
65
10601
7840
8065
11860
9437
2900
10567
9073
2239
13576
34653
10139
20927
9560
397
41852
10478
10586
1968
10357
15602
9909
8438
16295
66
10003
2058
4421
12628
714
11808
795
4415
9882
18892
20762
10535
1443
9785
1990
4688
2268
8461
28053
2251
11252
2288
16523
11678
9801
9090
10480
12106
2925
102651
9304
28059
22230
4107
10712
10740
3509
1382
546
2295
512
1251
4012
6947
4553
186
4349
4141
6538
13012
14359
4148
15060
15577
22074
24684
22954
43933
42188
39514
57118
45243
51828
50014
65057
76163
65754
59961
51999
74306
80321
77016
98357
132344
102362
117263
75656
62211
59859
14574
21755
10315
17612
9471
4348
39013
55420
89708
76203
86829
168672
177494
3131
10862
711
8489
4464
20504
58496
72570
57214
64688
71552
77930
87502
75780
82695
109421
49519
109439
146216
138832
109418
87421
115782
80274
152532
137093
157350
83201
102382
249660
172385
222935
138103
10830
9276
9637
591
12123
3293
437
438
1948
6145
5559
10479
10530
11544
9678
8452
921
9718
2018
7512
1991
638
11618
9481
35056
9543
1865
44912
50544
49040
72105
109424
288036
308504
332340
300671
303991
296098
312221
274167
296096
302401
270010
267192
308266
346685
369885
334543
321612
331214
10607
9033
9945
11467
3597
8960
9313
10934
308
9035
9946
10329
10533
9061
17127
10547
11468
11321
44639
13930
232572
5708
9009
1730
13515
28355
10330
11162
1904
1887
11359
15789
1808
11282
13022
12133
7446
2567
12155
10679
62214
310131
241259
9012
9358
11615
5966
11194
1538
12094
4512
12222
3580
20766
21641
13448
18533
37495
15302
37686
64328
82633
89492
117974
177699
209262
242582
308369
10314
19833
18320
13949
18093
72976
97630
9334
2454
38055
81188
18451
49806
12488
20024
10137
1619
1537
8326
13537
11499
22494
20318
9824
11443
10539
2142
8688
200
10354
32646
9059
9306
58985
1770
11932
10210
9406
60308
167073
328111
278927
257211
306819
314365
294963
127380
223702
324668
333484
8224
9849
10208
10490
206487
2832
12877
7304
9843
8456
9381
13027
13220
13053
8055
12437
13510
10362
18947
2196
50456
97370
1090
11363
31908
8870
9989
6278
1833
12184
12783
22798
19959
38167
49517
80767
96724
64682
160588
205601
194662
270302
264644
283587
9275
9357
8198
6283
15037
14557
8970
1439
1636
4958
11978
14048
4944
44629
23631
16290
46838
9089
8545
10050
10501
2103
9499
181886
254320
273481
340666
290250
334533
302946
381284
393457
315837
2652
9829
8270
11568
11001
2749
121986
9619
18519
9574
47881
693
8274
8275
8277
26123
257091
214756
211672
22267
10402
9563
17908
4234
2155
2057
9828
1738
10140
174772
205220
5894
9103
9879
10546
2059
9692
16617
10074
6575
4965
11329
10133
1544
7511
1381
6687
12797
12182
14976
14447
8427
36669
1647
8999
14784
12201
43539
74534
9820
17711
12610
9889
11400
8967
146233
242224
250766
313922
68730
371645
399106
338766
376867
334541
281338
374720
1593
18360
22821
49730
72331
97051
157370
203833
41602
256274
181533
547
9822
3683
10061
1613
15653
9298
9895
13541
15512
5257
9620
8923
37710
46195
44826
96721
228967
9333
2253
50348
201088
256591
304357
249070
287948
10763
11775
1452
3093
10543
25750
9726
12589
13700
8920
11774
9928
10525
10216
10992
296
1586
8909
8355
27576
27582
49013
123025
159824
238713
4970
11096
13252
4564
23827
622
10393
25128
8386
11892
16614
23082
11439
23169
45317
49009
68722
86838
133694
68812
68727
121677
178809
9095
293310
2135
10802
11090
11237
8859
9506
9384
8860
10806
6068
9821
9455
10381
10685
11983
10577
1921
28308
20857
11232
9884
6637
10029
9622
10877
10623
11812
7303
2642
10720
57825
10707
2800
6877
9767
10761
13401
10184
20829
14536
22051
38961
63492
157386
138697
225565
248774
226448
193610
286554
272693
24100
16723
29427
29076
2575
33379
26290
31005
9280
9486
1996
217
13387
11322
10313
23048
20662
32823
51540
58233
58595
225574
195589
262543
122917
166426
262500
168259
254470
259316
238615
192141
291805
363676
324786
277834
310307
260514
354287
9266
11880
5137
10296
1947
1116
1265
37725
4566
13054
13092
10358
15373
10360
13455
16005
10024
8054
21208
20943
24418
26171
37834
43923
44147
58232
49020
77953
345911
16553
10521
43949
76492
81005
136795
82881
49017
200727
150689
293863
105864
274479
266294
58431
259693
335797
9691
9825
10304
4513
72571
67913
8007
1246
2698
276907
10327
9833
10796
9335
1250
1273
1979
5174
4413
8090
7555
8247
13001
12914
10483
10200
16558
17445
22803
26389
27022
27578
42194
38321
9263
9067
9383
9034
10591
157360
5653
2289
15163
10562
10461
62764
3902
28029
32274
302
11169
2100
14299
43347
10316
84306
209263
140823
198277
271714
285783
294016
9042
9826
31546
23128
169813
129670
188166
10016
109513
20737
929
14342
14013
2116
9477
11128
16234
2026
9291
2207
9957
9788
9794
1247
7972
14011
1266
13851
13813
40662
23168
56590
142061
109414
103731
107985
204082
217993
144336
156022
154400
241239
189197
261023
209112
298312
277216
296100
316152
294272
374617
10009
12281
38575
10481
27265
16052
978
11313
65796
9823
9423
7518
11398
1722
11817
1428
13166
5820
75674
9567
179
2044
9339
5123
25196
22972
49444
57212
132363
205587
284293
810
13250
21032
19004
11238
18937
11551
13376
9016
2023
2122
7131
1656
950
9907
9954
7516
2310
13007
10196
16023
1970
10320
116
1690
1989
23437
41402
41446
83770
102780
152603
189
12606
9715
8357
7457
2539
9433
9566
9480
10782
73567
82507
145135
241848
270303
328425
333371
300669
376660
324849
419430
180863
274857
395992
12242
207932
21355
10229
11820
11823
9007
257
9754
9697
2212
26269
6522
12590
12146
11836
7096
18927
9913
9681
9044
5072
14202
15030
12403
26466
32985
37707
23759
39563
50204
49018
62255
38543
101173
65086
70954
77949
84329
79697
84287
125490
82682
145197
152742
179826
152795
146015
190847
210479
242095
157845
265010
252171
250734
301728
251516
291270
323373
301365
313297
9400
19457
16300
10994
10743
13573
10555
14177
11679
15363
2179
3594
7278
13260
8645
13051
12837
10527
14655
15189
22800
13291
16995
84334
240832
212778
245703
86828
325789
324552
8922
10727
6171
9902
11547
10756
11058
11026
25769
23742
20539
10155
9501
9791
13428
1126
11171
12225
13636
14748
18480
74725
76025
85889
250574
373072
347031
381288
425591
414190
10956
10996
9341
2163
9378
14980
10105
10066
9885
16342
14254
14138
48171
10342
7288
4256
25059
12559
38225
10371
9835
36915
1966
14533
9777
9315
12920
6963
4474
1852
82
9676
10741
4169
10739
171274
41478
134411
11253
8676
1735
49849
107846
5255
49007
9043
10503
13019
114796
38073
41630
13413
13931
65760
81025
84332
80278
147773
198287
200481
137321
145220
188538
293299
227973
1278
110416
1408
1901
14047
60420
9441
10154
10642
62206
109443
227159
297762
2977
10204
10861
9279
415
4380
75802
202141
250658
273895
353326
59468
40161
12145
10808
11469
20616
10771
11852
12090
18736
11007
11024
12153
11638
10033
9641
7552
12096
9513
11619
5393
9963
10760
13483
6477
8328
13649
13972
11887
8966
18126
14161
18239
24438
23398
24122
14411
11229
2140
3635
8487
4961
11979
8978
8814
8643
9286
1975
2267
11835
5125
9030
8204
13613
8284
24803
34647
50839
75761
87818
127560
289314
7364
6795
9530
13195
13389
27579
44896
17578
70435
72545
62213
84185
57201
87516
152760
244506
170687
116149
287424
9932
13590
9890
2055
11470
11517
58428
1809
7090
13973
11419
24525
41733
59678
48231
124905
252512
13394
10192
2290
2662
9947
14577
7873
10946
15513
18222
10471
14195
4248
11081
9417
1641
121879
227306
11228
11675
1267
59108
73723
10723
280996
14164
53182
9923
83
1927
9978
14799
11323
28178
12122
9424
51162
77174
10385
9425
11358
13680
14869
18501
18823
23047
75174
57800
91314
270946
79218
387893
278154
21301
12690
24804
4960
46705
309245
12834
8838
15487
13508
11652
7942
8780
27586
38778
38363
63578
109410
198185
234200
239563
87093
319075
319888
339403
3600
9429
152426
440
114606
136400
82703
224141
26618
12117
9457
10735
10115
3638
8669
11631
38357
38684
10833
4477
9070
9562
9763
2355
3563
13256
13600
41215
46529
83686
307081
158015
238636
316727
11459
7874
13335
7459
1729
9836
26428
169881
7859
11863
6071
9991
11866
9745
9732
14306
24480
7980
38365
40619
74465
44833
13313
82675
132232
60304
109491
112949
72559
68728
158011
72710
109428
116711
82700
117251
136418
49524
199373
91586
109451
152747
64686
18269
137094
226857
155084
157547
76649
188161
209185
184346
225886
193893
249164
169917
239571
147441
205775
265177
228970
68737
260346
87101
280092
201085
228203
255343
228205
175112
258480
334074
262504
283350
253344
228066
253412
295964
309809
321741
339527
299687
259694
329440
321258
300673
205584
323677
290595
303858
333669
332567
301804
308531
258489
278924
34016
36801
39210
103747
130739
9488
13435
15058
23478
18276
10947
13967
3489
15019
13008
19255
12572
25793
22971
39053
45094
43959
50837
72113
98548
157354
152737
113833
228194
12107
1618
86825
157851
282297
249688
86835
298382
157827
321751
369557
370755
411019
17707
32657
136797
212716
192145
9600
11078
12253
11676
2577
10589
9282
7214
8976
15907
9910
9701
8066
9297
5289
10070
214
11199
10294
13641
13460
13079
14637
18405
19079
23963
26390
44363
38199
44048
97367
77987
308639
321697
14292
12193
14560
12556
25195
24021
10491
9621
9416
9781
1610
14905
11699
87499
342737
1378
329004
6440
2486
10894
34813
3172
57431
77866
74387
80035
310135
270487
295699
356298
55347
283552
15157
44857
58770
3603
15159
39451
55465
59965
59962
82687
441
103328
11430
9353
254191
271718
257445
376570
10199
9352
18975
18487
150004
11456
105077
38542
48838
58699
49014
157834
10866
14635
10632
5146
9036
12656
335796
397243
663
23202
19899
296099
11917
228161
24150
17894
47218
176241
245706
28313
14389
34803
121826
10985
9005
9988
9408
25941
33909
45132
296524
16172
375366
13090
26388
44040
44943
325348
335866
10916
11918
21349
24469
223485
13788
10571
76757
279641
272878
328387
19973
7445
21583
12569
17473
13523
17927
9023
8273
12634
14001
5956
47763
228973
241855
360784
12912
68735
140300
252178
5951
10431
4959
76640
134374
156700
183011
227719
254128
318121
388399
293167
341006
126889
400928
14113
7484
9796
313
14289
14175
11283
12490
1819
276843
230179
342521
283366
315664
258230
9827
12238
27573
146239
376659
227156
119675
13971
20048
77877
232672
36950
889
9986
2144
4379
34806
72197
48289
80389
84348
193756
273271
306947
333352
156711
2084
13922
11015
4517
23488
13417
76285
21427
124459
23514
157832
9981
10665
1959
15673
12158
12271
20
20312
246400
243684
75900
289727
8869
16577
13596
374430
13778
21868
10982
18925
72213
10708
13184
23570
8836
4997
18041
12508
43074
24019
88751
111969
162215
84188
191502
38408
14158
74998
9360
314
11260
13067
77950
31306
56715
9839
271969
27303
13477
225728
13552
9320
98566
11380
10092
10781
8398
9038
75638
1534
13207
36606
1792
10762
15556
11045
7501
333385
339397
332210
376290
334524
302699
121856
14166
27585
77805
57157
250124
245698
16643
10733
14197
13496
9683
20511
13689
31048
6535
127372
283235
331781
293646
257088
300693
267860
296360
6072
11152
1376
1988
64689
842
11413
8194
3877
13998
4787
22824
28211
48572
20009
58151
134597
106747
52449
9557
9722
11565
2959
12620
13279
18781
43947
82505
150202
83899
207768
168530
187596
338676
283445
291870
323676
284564
6478
55676
5718
128216
127373
2001
166271
159128
291272
42297
9093
1957
18862
302688
10383
23685
9906
41436
8880
32856
9786
10629
7861
22804
41216
17680
84330
209276
157823
267935
71688
374473
119283
1620
31776
10550
11069
10829
286565
14819
13791
169607
41233
85446
243683
13056
49010
157849
11137
11130
17332
22825
49527
9927
9842
12177
13018
17610
17336
332
11632
22345
11692
30923
37430
112336
290999
302528
32458
1845
10030
25183
265208
9968
37056
14112
18162
22832
75301
9104
107811
16866
141043
254375
2309
13362
11671
36970
50357
110354
38358
58224
72387
30061
326359
263109
28005
14293
244264
312669
10523
2313
20407
19918
37821
52338
62046
80038
27
12412
4912
61979
29963
47964
11451
11968
10060
7183
31582
9689
52036
246403
282984
261392
10900
8053
12165
15184
283227
1249
9714
341174
6466
45772
16161
31640
71880
87428
11962
1404
264656
254302
9688
39486
180296
254904
148
3132
13161
317557
10366
9290
11888
4723
11908
10185
1961
76544
279690
157841
10715
87825
159014
259954
10022
9975
41513
52451
54054
112205
100241
210860
13179
9771
11258
8998
10152
10878
13374
14456
26035
50619
10955
503
19952
10923
17047
11637
17880
14191
4597
15024
61891
123553
245700
314405
330483
20521
46261
51052
86834
256917
324852
19556
7978
44603
47760
81836
96936
9950
84194
2284
6519
17915
21055
18734
21765
26715
68817
62838
82696
201086
188207
242643
282296
379291
381289
1363
14469
239566
275601
402298
416477
341013
10891
8457
43549
38303
199420
412924
9708
44113
55779
49021
16358
13074
6973
12171
18117
16056
25927
39414
46829
30618
276908
293970
229297
12279
11132
10025
8975
122081
339405
22152
12212
9645
13121
13025
21407
49012
49520
133121
167032
168098
12597
245168
253310
12770
14057
284537
17263
164457
157409
124623
284296
377264
11511
329833
13969
22894
351964
228165
384798
1717
287689
11127
17198
238603
14623
11508
109431
316023
356305
10048
49494
22907
2176
14034
12771
201749
1691
13499
13767
267193
26320
14817
10610
14609
13059
10186
15268
17134
19840
19912
16873
22787
23706
22949
27569
23172
41135
48988
38317
13640
305470
31388
13673
11648
9756
9782
109584
14236
38410
75345
149509
37169
50359
74997
242022
325133
30285
340485
37786
19344
64685
15506
91010
290542
256962
137333
339994
347123
411009
84355
84184
172533
50725
58244
127517
239678
301351
133805
244509
284276
277685
340837
17941
39180
11535
17130
50620
203739
141052
284053
268920
273477
334517
397837
70667
7870
49981
59457
9074
4257
15070
2165
22473
10641
15534
72207
13691
208134
235260
232679
297556
188222
366924
47327
324670
39141
14859
245906
36763
15165
15016
241257
16146
4942
9456
16690
11442
18357
14873
20694
10588
11217
11099
11249
10981
15045
13682
10214
12700
14199
791
168705
9920
9682
19592
9904
10093
9656
9992
9966
1683
14208
14207
14219
6589
9703
2728
2274
13186
2312
6933
10488
8617
9022
11802
13805
14405
14248
12224
13954
13690
1977
13849
17532
19724
14728
8884
20856
17335
13836
19585
19994
19904
15400
23023
28510
5937
88794
162903
159154
9438
218043
24078
14349
42684
45324
37950
11705
27583
38031
37414
204922
244458
47939
7342
20606
46503
70436
159004
172828
24271
31007
14061
72784
8588
192132
70706
295693
79548
26505
297270
43593
31894
89237
11375
139038
175291
245916
14000
14979
331313
353070
17483
257344
18561
14125
74461
203834
243688
241843
309242
6935
13944
9072
171424
317144
14527
382322
52015
71469
218784
41439
278236
216015
38541
254194
28665
21634
4170
38745
19366
136799
364067
30141
311291
334521
418078
4258
210908
32276
55846
222936
10710
126277
14174
38234
157825
343611
16555
324807
52505
21683
48946
95610
8409
14636
241554
337339
455661
18220
306952
5521
14695
339964
63579
345920
23966
53487
39037
41479
24589
4520
77931
18238
33217
41515
44564
93856
111440
82650
192102
184098
256835
302156
244772
236751
42979
278604
37931
62630
82525
122857
15015
16759
263341
13761
78215
89691
387426
391757
245913
25988
179111
10028
4599
13205
38117
59860
45156
76494
80271
151960
38093
14872
218836
34205
10010
15674
16366
91417
339984
289222
70695
50321
59861
157847
340275
347969
336004
326423
65851
213681
181330
74510
12435
87826
231576
27444
28200
287903
77875
103269
22855
25208
112200
22164
62835
64639
70578
81390
95516
10107
71672
68684
82990
311324
264999
104755
94363
407806
15255
14365
184315
18032
71676
166076
65291
13061
47626
77887
82424
14830
302429
266647
21385
274854
153518
60307
228108
152599
250538
209451
13243
15489
12657
10172
13257
24056
88042
13702
97605
127867
184125
13159
70868
12689
58467
36419
14305
84288
282035
309886
48781
242512
18976
15044
34843
44465
11351
251519
241251
21544
158907
30250
159117
23830
290751
204349
44945
50217
67675
38842
47971
32395
87440
214030
31146
14474
79896
259956
174337
288158
41283
78698
209247
237756
10046
10071
26626
130150
192149
51620
346672
10628
35052
18632
318781
103620
244761
9757
353069
253331
12536
18804
389053
216282
243938
351211
391698
13280
335778
181283
84342
85431
404378
93828
246860
10544
26899
284689
29564
84174
140222
246080
73937
58547
64807
13991
20533
218778
50647
71677
120605
62837
106021
77234
146223
256924
310133
263472
10317
119431
48340
277547
301875
113148
12568
157829
312831
31967
190469
19583
166424
284536
51588
91551
227783
30237
253626
322240
40688
13975
333663
250546
25224
69668
2830
1874
250657
130925
55015
23855
13934
15566
23049
25643
196867
15359
410199
144340
347945
70577
60281
164251
365942
277558
61537
376866
21413
20718
14597
150117
40264
210947
244403
80585
121872
109091
345922
18189
20321
264337
401104
17681
273641
86597
160139
227348
320588
339419
339967
20777
115348
254473
252680
76617
8968
39691
156717
28118
339988
18176
11761
41009
97430
294652
167810
17035
22620
47533
51170
50393
133931
408220
92182
275060
276401
75258
33152
146238
10167
15644
13825
8046
14128
21430
68179
49950
65759
41505
43552
199534
323675
14564
7353
12411
77883
220286
15167
16119
245859
8965
14123
35019
38843
106938
46127
15671
9948
277217
84200
76489
250225
2168
254172
324560
97614
340101
314095
31451
199575
244268
226486
256961
209189
37922
222899
18476
182560
112090
87567
13493
192136
222649
308024
290762
123105
244610
243935
334538
121674
89455
300654
12254
384682
111190
44982
56401
238215
55301
146198
72431
133790
351339
253414
128215
345938
34335
136911
134366
227700
112454
13492
82684
16237
239573
114478
372411
157099
244539
272548
266396
290764
378018
42941
16279
193726
89008
133441
217316
290637
311539
408159
146301
16325
207769
292040
259695
9956
338964
194722
248574
381034
10078
43919
146304
347026
37269
84281
376134
137116
17097
253279
205588
12407
57089
17436
36108
36736
15276
8944
13204
97434
258099
71670
76600
38570
30944
12819
13501
9503
25475
96973
34766
13354
24615
13654
74505
359412
14547
13474
27902
34308
364540
38322
330947
79113
127493
94348
175574
56288
70074
139463
14396
23823
259072
33195
5470
301608
81446
